0 0.07222222222222222 0.6995884773662552 0.05 0.05761316872427984
0 0.5152777777777777 0.6563786008230452 0.03611111111111111 0.04938271604938271
0 0.41805555555555557 0.7170781893004116 0.041666666666666664 0.051440329218107
0 0.24444444444444444 0.5041152263374485 0.03333333333333333 0.03292181069958848
0 0.37430555555555556 0.7006172839506173 0.04583333333333333 0.047325102880658436
0 0.3013888888888889 0.5679012345679012 0.03888888888888889 0.0411522633744856
0 0.18263888888888888 0.6378600823045267 0.04583333333333333 0.04938271604938271
0 0.6270833333333333 0.7458847736625515 0.04027777777777778 0.047325102880658436
0 0.10486111111111111 0.5432098765432098 0.04583333333333333 0.04526748971193416
0 0.7131944444444445 0.6903292181069959 0.03194444444444444 0.043209876543209874
0 0.24305555555555555 0.6481481481481481 0.030555555555555555 0.04526748971193416
0 0.7104166666666667 0.7510288065843621 0.034722222222222224 0.04526748971193416
0 0.8875 0.8240740740740741 0.041666666666666664 0.043209876543209874
0 0.12152777777777778 0.6563786008230452 0.04583333333333333 0.053497942386831275
0 0.19027777777777777 0.558641975308642 0.044444444444444446 0.043209876543209874
0 0.2611111111111111 0.6697530864197531 0.044444444444444446 0.051440329218107
0 0.7020833333333333 0.8076131687242798 0.034722222222222224 0.047325102880658436
0 0.3277777777777778 0.8096707818930041 0.06388888888888888 0.08847736625514403
0 0.8055555555555556 0.8374485596707819 0.022222222222222223 0.037037037037037035
0 0.5729166666666666 0.7438271604938271 0.0375 0.043209876543209874
0 0.6694444444444444 0.7253086419753086 0.03611111111111111 0.043209876543209874
0 0.6381944444444444 0.6358024691358025 0.029166666666666667 0.037037037037037035
0 0.2263888888888889 0.6069958847736625 0.04722222222222222 0.04938271604938271
0 0.8638888888888889 0.838477366255144 0.03333333333333333 0.043209876543209874
0 0.24791666666666667 0.8477366255144033 0.05416666666666667 0.06172839506172839
0 0.34930555555555554 0.5679012345679012 0.03194444444444444 0.037037037037037035
0 0.7826388888888889 0.772633744855967 0.0375 0.043209876543209874
0 0.49166666666666664 0.8323045267489712 0.041666666666666664 0.043209876543209874
0 0.5298611111111111 0.8055555555555556 0.04027777777777778 0.051440329218107
0 0.05625 0.6327160493827161 0.04583333333333333 0.043209876543209874
0 0.3423611111111111 0.6718106995884774 0.04027777777777778 0.051440329218107
0 0.3784722222222222 0.6203703703703703 0.043055555555555555 0.047325102880658436
0 0.9291666666666667 0.8343621399176955 0.041666666666666664 0.051440329218107
0 0.6881944444444444 0.6337448559670782 0.029166666666666667 0.03292181069958848
0 0.8222222222222222 0.8374485596707819 0.03333333333333333 0.04526748971193416
0 0.06805555555555555 0.7386831275720165 0.04722222222222222 0.04938271604938271
0 0.5652777777777778 0.6893004115226338 0.044444444444444446 0.04938271604938271
0 0.6416666666666667 0.6779835390946503 0.03888888888888889 0.043209876543209874
0 0.7229166666666667 0.6234567901234568 0.02638888888888889 0.02880658436213992
0 0.7368055555555556 0.8415637860082305 0.043055555555555555 0.053497942386831275
0 0.6118055555555556 0.845679012345679 0.05138888888888889 0.06172839506172839
0 0.1361111111111111 0.7983539094650206 0.06111111111111111 0.07407407407407407
0 0.19930555555555557 0.6944444444444444 0.043055555555555555 0.051440329218107
0 0.44583333333333336 0.8364197530864198 0.04722222222222222 0.059670781893004114
0 0.3277777777777778 0.6039094650205762 0.03888888888888889 0.043209876543209874
0 0.3763888888888889 0.5205761316872428 0.03333333333333333 0.037037037037037035
0 0.3402777777777778 0.5236625514403292 0.03333333333333333 0.03497942386831276
0 0.6631944444444444 0.6275720164609053 0.029166666666666667 0.037037037037037035
0 0.5597222222222222 0.7890946502057613 0.044444444444444446 0.05555555555555555
0 0.4875 0.7479423868312757 0.041666666666666664 0.047325102880658436
0 0.4131944444444444 0.801440329218107 0.05138888888888889 0.059670781893004114
0 0.6263888888888889 0.698559670781893 0.03333333333333333 0.03497942386831276
0 0.30972222222222223 0.7150205761316872 0.04722222222222222 0.051440329218107
0 0.7444444444444445 0.7633744855967078 0.03611111111111111 0.04526748971193416
0 0.30486111111111114 0.6532921810699589 0.04027777777777778 0.047325102880658436
0 0.29583333333333334 0.5473251028806584 0.03888888888888889 0.037037037037037035
0 0.1375 0.7191358024691358 0.05277777777777778 0.059670781893004114
0 0.6097222222222223 0.7932098765432098 0.041666666666666664 0.05555555555555555
0 0.4326388888888889 0.6409465020576132 0.04027777777777778 0.043209876543209874
0 0.6013888888888889 0.6347736625514403 0.03333333333333333 0.03909465020576132
0 0.4847222222222222 0.8590534979423868 0.03611111111111111 0.043209876543209874
0 0.25416666666666665 0.7685185185185185 0.05277777777777778 0.0720164609053498
0 0.2604166666666667 0.46810699588477367 0.03194444444444444 0.03497942386831276
0 0.6680555555555555 0.8364197530864198 0.04722222222222222 0.059670781893004114
0 0.38055555555555554 0.8343621399176955 0.05 0.07613168724279835
0 0.41944444444444445 0.7448559670781894 0.041666666666666664 0.04526748971193416
0 0.7756944444444445 0.8343621399176955 0.03194444444444444 0.03909465020576132
0 0.2152777777777778 0.44650205761316875 0.041666666666666664 0.037037037037037035
0 0.18055555555555555 0.8353909465020576 0.06944444444444445 0.0823045267489712
0 0.45555555555555555 0.6934156378600823 0.044444444444444446 0.053497942386831275