0 0.27361111111111114 0.17181069958847736 0.13333333333333333 0.09259259259259259
0 0.7875 0.2397119341563786 0.15555555555555556 0.12551440329218108
0 0.9097222222222222 0.31069958847736623 0.1388888888888889 0.102880658436214
0 0.9256944444444445 0.40843621399176955 0.10972222222222222 0.08847736625514403
0 0.6881944444444444 0.6893004115226338 0.17083333333333334 0.15637860082304528
0 0.6777777777777778 0.3343621399176955 0.1527777777777778 0.12551440329218108
0 0.575 0.37962962962962965 0.14722222222222223 0.15432098765432098
0 0.2791666666666667 0.7304526748971193 0.18333333333333332 0.15637860082304528
0 0.3215277777777778 0.2911522633744856 0.17916666666666667 0.14609053497942387
0 0.45416666666666666 0.2037037037037037 0.1361111111111111 0.13991769547325103
0 0.6395833333333333 0.22016460905349794 0.1486111111111111 0.11522633744855967
0 0.3333333333333333 0.602880658436214 0.16666666666666666 0.16872427983539096
0 0.09027777777777778 0.4876543209876543 0.1638888888888889 0.1646090534979424
0 0.9145833333333333 0.73559670781893 0.15138888888888888 0.14609053497942387
0 0.5041666666666667 0.5432098765432098 0.13055555555555556 0.1646090534979424
0 0.2722222222222222 0.43930041152263377 0.18611111111111112 0.18724279835390947
0 0.05416666666666667 0.19547325102880658 0.09722222222222222 0.12345679012345678
0 0.49236111111111114 0.7263374485596708 0.22083333333333333 0.20987654320987653
0 0.7826388888888889 0.455761316872428 0.15694444444444444 0.1419753086419753