0 0.43125 0.7232510288065843 0.029166666666666667 0.03909465020576132
0 0.89375 0.8189300411522634 0.05416666666666667 0.06172839506172839
0 0.7076388888888889 0.7890946502057613 0.0375 0.043209876543209874
0 0.8569444444444444 0.7561728395061729 0.03888888888888889 0.05555555555555555
0 0.7027777777777777 0.5216049382716049 0.025 0.030864197530864196
0 0.7902777777777777 0.7551440329218106 0.044444444444444446 0.053497942386831275
0 0.14930555555555555 0.801440329218107 0.03194444444444444 0.03909465020576132
0 0.6138888888888889 0.6275720164609053 0.025 0.02880658436213992
0 0.8979166666666667 0.7335390946502057 0.04027777777777778 0.043209876543209874
0 0.1736111111111111 0.7664609053497943 0.03333333333333333 0.03909465020576132
0 0.95625 0.6306584362139918 0.0375 0.043209876543209874
0 0.5708333333333333 0.8487654320987654 0.03333333333333333 0.047325102880658436
0 0.7736111111111111 0.6193415637860082 0.03333333333333333 0.0411522633744856
0 0.7145833333333333 0.8569958847736625 0.0375 0.043209876543209874
0 0.4576388888888889 0.8179012345679012 0.034722222222222224 0.043209876543209874
0 0.6958333333333333 0.7170781893004116 0.030555555555555555 0.03909465020576132
0 0.3798611111111111 0.5997942386831275 0.03194444444444444 0.03497942386831276
0 0.7673611111111112 0.5627572016460906 0.03194444444444444 0.03497942386831276
0 0.40555555555555556 0.7633744855967078 0.03333333333333333 0.037037037037037035
0 0.5472222222222223 0.6522633744855967 0.025 0.03292181069958848
0 0.6611111111111111 0.8220164609053497 0.030555555555555555 0.043209876543209874
0 0.5520833333333334 0.5545267489711934 0.03194444444444444 0.03909465020576132
0 0.22708333333333333 0.8446502057613169 0.03194444444444444 0.047325102880658436
0 0.49930555555555556 0.852880658436214 0.04583333333333333 0.051440329218107
0 0.7131944444444445 0.7736625514403292 0.04027777777777778 0.05761316872427984
0 0.8215277777777777 0.7530864197530864 0.034722222222222224 0.0411522633744856
0 0.8381944444444445 0.831275720164609 0.04027777777777778 0.04526748971193416
0 0.42291666666666666 0.6162551440329218 0.029166666666666667 0.030864197530864196
0 0.17152777777777778 0.831275720164609 0.034722222222222224 0.0411522633744856
0 0.6736111111111112 0.5781893004115226 0.030555555555555555 0.037037037037037035
0 0.5638888888888889 0.6975308641975309 0.03333333333333333 0.037037037037037035
0 0.7194444444444444 0.6460905349794238 0.027777777777777776 0.037037037037037035
0 0.5652777777777778 0.7397119341563786 0.03333333333333333 0.043209876543209874
0 0.45625 0.565843621399177 0.029166666666666667 0.037037037037037035
0 0.7354166666666667 0.6862139917695473 0.029166666666666667 0.043209876543209874
0 0.8090277777777778 0.595679012345679 0.034722222222222224 0.03909465020576132
0 0.6104166666666667 0.7458847736625515 0.03194444444444444 0.03909465020576132
0 0.6055555555555555 0.6954732510288066 0.03611111111111111 0.0411522633744856
0 0.035416666666666666 0.852880658436214 0.0375 0.043209876543209874
0 0.6347222222222222 0.8179012345679012 0.030555555555555555 0.043209876543209874
0 0.9486111111111111 0.8168724279835391 0.04722222222222222 0.053497942386831275
0 0.8756944444444444 0.6923868312757202 0.04027777777777778 0.03909465020576132
0 0.28055555555555556 0.8611111111111112 0.027777777777777776 0.030864197530864196
0 0.6131944444444445 0.7880658436213992 0.02638888888888889 0.03292181069958848
0 0.8138888888888889 0.6790123456790124 0.041666666666666664 0.04526748971193416
0 0.81875 0.7983539094650206 0.03194444444444444 0.04526748971193416
0 0.5041666666666667 0.6800411522633745 0.030555555555555555 0.03497942386831276
0 0.5395833333333333 0.8209876543209876 0.034722222222222224 0.04938271604938271
0 0.5256944444444445 0.6316872427983539 0.02638888888888889 0.03292181069958848
0 0.47152777777777777 0.7551440329218106 0.034722222222222224 0.0411522633744856
0 0.8423611111111111 0.8652263374485597 0.0375 0.030864197530864196
0 0.8263888888888888 0.6255144032921811 0.030555555555555555 0.03292181069958848
0 0.5611111111111111 0.7973251028806584 0.03333333333333333 0.043209876543209874
0 0.3645833333333333 0.8168724279835391 0.03194444444444444 0.0411522633744856
0 0.1111111111111111 0.8189300411522634 0.03333333333333333 0.037037037037037035
0 0.6402777777777777 0.6563786008230452 0.025 0.037037037037037035
0 0.3125 0.8395061728395061 0.025 0.0411522633744856
0 0.6534722222222222 0.7386831275720165 0.034722222222222224 0.04526748971193416
0 0.4326388888888889 0.7952674897119342 0.034722222222222224 0.047325102880658436
0 0.7326388888888888 0.6193415637860082 0.029166666666666667 0.037037037037037035
0 0.8194444444444444 0.5390946502057613 0.030555555555555555 0.02880658436213992
0 0.6576388888888889 0.8641975308641975 0.034722222222222224 0.02880658436213992
0 0.675 0.6707818930041153 0.03611111111111111 0.037037037037037035
0 0.2791666666666667 0.7098765432098766 0.027777777777777776 0.0411522633744856
0 0.4131944444444444 0.852880658436214 0.04027777777777778 0.047325102880658436
0 0.6409722222222223 0.6965020576131687 0.03194444444444444 0.043209876543209874
0 0.15 0.7345679012345679 0.030555555555555555 0.037037037037037035
0 0.3298611111111111 0.8199588477366255 0.03194444444444444 0.043209876543209874
0 0.9597222222222223 0.7088477366255144 0.04722222222222222 0.051440329218107
0 0.26319444444444445 0.8148148148148148 0.04027777777777778 0.0411522633744856
0 0.6493055555555556 0.5977366255144033 0.029166666666666667 0.03497942386831276
0 0.6881944444444444 0.8405349794238683 0.034722222222222224 0.047325102880658436
0 0.5506944444444445 0.8631687242798354 0.02638888888888889 0.030864197530864196
0 0.5020833333333333 0.647119341563786 0.02638888888888889 0.03497942386831276
0 0.675 0.7829218106995884 0.030555555555555555 0.043209876543209874
0 0.6083333333333333 0.8189300411522634 0.03333333333333333 0.04938271604938271
0 0.71875 0.7602880658436214 0.0375 0.043209876543209874
0 0.7652777777777777 0.6862139917695473 0.03333333333333333 0.03909465020576132
0 0.4083333333333333 0.6944444444444444 0.027777777777777776 0.03497942386831276
0 0.35138888888888886 0.6656378600823045 0.03888888888888889 0.043209876543209874
0 0.9069444444444444 0.6800411522633745 0.041666666666666664 0.047325102880658436
0 0.37916666666666665 0.7232510288065843 0.03333333333333333 0.043209876543209874
0 0.27152777777777776 0.6574074074074074 0.02638888888888889 0.030864197530864196
0 0.8743055555555556 0.6491769547325102 0.034722222222222224 0.03909465020576132
0 0.7777777777777778 0.8281893004115226 0.044444444444444446 0.051440329218107
0 0.7791666666666667 0.5987654320987654 0.030555555555555555 0.037037037037037035