0 0.4736111111111111 0.7438271604938271 0.03611111111111111 0.043209876543209874
0 0.4361111111111111 0.742798353909465 0.03333333333333333 0.04938271604938271
0 0.5055555555555555 0.5843621399176955 0.027777777777777776 0.037037037037037035
0 0.7944444444444444 0.757201646090535 0.05277777777777778 0.053497942386831275
0 0.5152777777777777 0.5113168724279835 0.03611111111111111 0.043209876543209874
0 0.27569444444444446 0.5627572016460906 0.034722222222222224 0.043209876543209874
0 0.5722222222222222 0.6460905349794238 0.03333333333333333 0.0411522633744856
0 0.9423611111111111 0.6265432098765432 0.034722222222222224 0.043209876543209874
0 0.9479166666666666 0.7304526748971193 0.06527777777777778 0.06584362139917696
0 0.22847222222222222 0.6965020576131687 0.03194444444444444 0.03909465020576132
0 0.29444444444444445 0.7901234567901234 0.03888888888888889 0.04938271604938271
0 0.6236111111111111 0.6440329218106996 0.041666666666666664 0.053497942386831275
0 0.5048611111111111 0.8497942386831275 0.04861111111111111 0.053497942386831275
0 0.8541666666666666 0.5020576131687243 0.03888888888888889 0.04526748971193416
0 0.6222222222222222 0.7242798353909465 0.044444444444444446 0.06172839506172839
0 0.3701388888888889 0.5010288065843621 0.034722222222222224 0.03909465020576132
0 0.14722222222222223 0.4794238683127572 0.030555555555555555 0.03292181069958848
0 0.9597222222222223 0.4567901234567901 0.03611111111111111 0.0411522633744856
0 0.9611111111111111 0.6121399176954733 0.05 0.051440329218107
0 0.325 0.8641975308641975 0.027777777777777776 0.02880658436213992
0 0.4527777777777778 0.4125514403292181 0.027777777777777776 0.03497942386831276
0 0.2569444444444444 0.691358024691358 0.03611111111111111 0.053497942386831275
0 0.11388888888888889 0.7716049382716049 0.03888888888888889 0.053497942386831275
0 0.7166666666666667 0.6039094650205762 0.03611111111111111 0.043209876543209874
0 0.8166666666666667 0.44135802469135804 0.03333333333333333 0.03497942386831276
0 0.24513888888888888 0.647119341563786 0.034722222222222224 0.043209876543209874
0 0.5097222222222222 0.7695473251028807 0.03611111111111111 0.06172839506172839
0 0.31180555555555556 0.5308641975308642 0.0375 0.04526748971193416
0 0.9319444444444445 0.7911522633744856 0.041666666666666664 0.05555555555555555
0 0.20694444444444443 0.49897119341563784 0.03333333333333333 0.03497942386831276
0 0.5972222222222222 0.38477366255144035 0.030555555555555555 0.02880658436213992
0 0.18055555555555555 0.7613168724279835 0.03611111111111111 0.06172839506172839
0 0.7131944444444445 0.43004115226337447 0.02361111111111111 0.02880658436213992
0 0.5708333333333333 0.6172839506172839 0.03333333333333333 0.04526748971193416
0 0.30625 0.4773662551440329 0.03194444444444444 0.037037037037037035
0 0.6076388888888888 0.4670781893004115 0.03194444444444444 0.0411522633744856
0 0.7180555555555556 0.7829218106995884 0.041666666666666664 0.05555555555555555
0 0.7347222222222223 0.4218106995884774 0.025 0.03292181069958848
0 0.2263888888888889 0.7510288065843621 0.03611111111111111 0.04526748971193416
0 0.19791666666666666 0.5977366255144033 0.043055555555555555 0.047325102880658436
0 0.7222222222222222 0.51440329218107 0.03611111111111111 0.03292181069958848
0 0.2520833333333333 0.8148148148148148 0.0375 0.053497942386831275
0 0.6444444444444445 0.4207818930041152 0.03611111111111111 0.03909465020576132
0 0.6243055555555556 0.5246913580246914 0.043055555555555555 0.04938271604938271
0 0.21319444444444444 0.6707818930041153 0.0375 0.04526748971193416
0 0.8125 0.6059670781893004 0.03611111111111111 0.030864197530864196
0 0.42083333333333334 0.6131687242798354 0.025 0.0411522633744856
0 0.14722222222222223 0.8477366255144033 0.041666666666666664 0.05761316872427984
0 0.9458333333333333 0.5360082304526749 0.03333333333333333 0.043209876543209874
0 0.40208333333333335 0.4207818930041152 0.034722222222222224 0.03497942386831276
0 0.9583333333333334 0.831275720164609 0.04722222222222222 0.04938271604938271
0 0.43472222222222223 0.6625514403292181 0.03888888888888889 0.04526748971193416
0 0.5652777777777778 0.558641975308642 0.03333333333333333 0.03909465020576132
0 0.20347222222222222 0.8343621399176955 0.043055555555555555 0.051440329218107
0 0.8173611111111111 0.565843621399177 0.0375 0.037037037037037035
0 0.5479166666666667 0.6625514403292181 0.034722222222222224 0.0411522633744856
0 0.7541666666666667 0.838477366255144 0.03333333333333333 0.051440329218107
0 0.6826388888888889 0.7150205761316872 0.04861111111111111 0.05555555555555555
0 0.5298611111111111 0.7109053497942387 0.0375 0.043209876543209874
0 0.7361111111111112 0.4948559670781893 0.025 0.030864197530864196
0 0.5784722222222223 0.7705761316872428 0.03194444444444444 0.043209876543209874
0 0.5576388888888889 0.49588477366255146 0.03194444444444444 0.037037037037037035
0 0.3701388888888889 0.3888888888888889 0.029166666666666667 0.03292181069958848
0 0.7201388888888889 0.7006172839506173 0.03194444444444444 0.043209876543209874
0 0.5736111111111111 0.831275720164609 0.044444444444444446 0.053497942386831275
0 0.5277777777777778 0.5987654320987654 0.030555555555555555 0.04526748971193416
0 0.9284722222222223 0.448559670781893 0.034722222222222224 0.04526748971193416
0 0.2881944444444444 0.8539094650205762 0.04861111111111111 0.04938271604938271
0 0.8243055555555555 0.8374485596707819 0.059722222222222225 0.06995884773662552
0 0.6194444444444445 0.8497942386831275 0.041666666666666664 0.053497942386831275
0 0.7625 0.455761316872428 0.03333333333333333 0.03909465020576132
0 0.8784722222222222 0.7098765432098766 0.043055555555555555 0.053497942386831275
0 0.6375 0.5689300411522634 0.03333333333333333 0.043209876543209874
0 0.35347222222222224 0.551440329218107 0.034722222222222224 0.04526748971193416
0 0.8777777777777778 0.5390946502057613 0.03888888888888889 0.0411522633744856
0 0.975 0.5648148148148148 0.03611111111111111 0.043209876543209874
0 0.08402777777777778 0.8096707818930041 0.0375 0.05555555555555555
0 0.8027777777777778 0.5174897119341564 0.030555555555555555 0.03497942386831276
0 0.3173611111111111 0.7417695473251029 0.043055555555555555 0.051440329218107
0 0.5881944444444445 0.44650205761316875 0.02638888888888889 0.03292181069958848
0 0.7423611111111111 0.5689300411522634 0.02638888888888889 0.03497942386831276
0 0.8722222222222222 0.5689300411522634 0.03333333333333333 0.03497942386831276
0 0.7722222222222223 0.5154320987654321 0.03333333333333333 0.03497942386831276
0 0.8479166666666667 0.7685185185185185 0.04861111111111111 0.051440329218107
0 0.6951388888888889 0.5617283950617284 0.03194444444444444 0.03292181069958848
0 0.8979166666666667 0.44753086419753085 0.029166666666666667 0.030864197530864196
0 0.4875 0.5699588477366255 0.030555555555555555 0.0411522633744856
0 0.8118055555555556 0.6327160493827161 0.04027777777777778 0.043209876543209874
0 0.8666666666666667 0.6275720164609053 0.03888888888888889 0.04526748971193416
0 0.7659722222222223 0.8076131687242798 0.04027777777777778 0.06378600823045268
0 0.15694444444444444 0.7098765432098766 0.03333333333333333 0.04526748971193416
0 0.6590277777777778 0.37448559670781895 0.020833333333333332 0.02880658436213992
0 0.40208333333333335 0.5987654320987654 0.029166666666666667 0.037037037037037035
0 0.5451388888888888 0.6224279835390947 0.03194444444444444 0.043209876543209874
0 0.4701388888888889 0.6131687242798354 0.02638888888888889 0.0411522633744856
0 0.7881944444444444 0.41460905349794236 0.029166666666666667 0.030864197530864196
0 0.9708333333333333 0.8446502057613169 0.044444444444444446 0.05555555555555555
0 0.5166666666666667 0.4670781893004115 0.03333333333333333 0.04526748971193416
0 0.8076388888888889 0.4845679012345679 0.02638888888888889 0.030864197530864196
0 0.6756944444444445 0.7746913580246914 0.043055555555555555 0.05555555555555555
0 0.27291666666666664 0.4794238683127572 0.03194444444444444 0.037037037037037035
0 0.39791666666666664 0.7911522633744856 0.0375 0.047325102880658436
0 0.041666666666666664 0.8065843621399177 0.044444444444444446 0.05761316872427984
0 0.4708333333333333 0.39197530864197533 0.030555555555555555 0.030864197530864196
0 0.7215277777777778 0.46810699588477367 0.029166666666666667 0.03497942386831276
0 0.43194444444444446 0.815843621399177 0.03333333333333333 0.043209876543209874
0 0.11458333333333333 0.668724279835391 0.0375 0.04938271604938271
0 0.3451388888888889 0.7705761316872428 0.04583333333333333 0.05555555555555555
0 0.29791666666666666 0.676954732510288 0.0375 0.04938271604938271
0 0.2652777777777778 0.7551440329218106 0.03611111111111111 0.04938271604938271
0 0.7861111111111111 0.4763374485596708 0.027777777777777776 0.03909465020576132
0 0.31875 0.5421810699588477 0.03194444444444444 0.03909465020576132
0 0.6513888888888889 0.6810699588477366 0.03611111111111111 0.0411522633744856
0 0.50625 0.6646090534979424 0.03194444444444444 0.037037037037037035
0 0.29930555555555555 0.5092592592592593 0.03194444444444444 0.03909465020576132
0 0.9263888888888889 0.5709876543209876 0.041666666666666664 0.043209876543209874
0 0.6625 0.6460905349794238 0.03333333333333333 0.04526748971193416
0 0.7173611111111111 0.838477366255144 0.04027777777777778 0.051440329218107
0 0.5479166666666667 0.7757201646090535 0.0375 0.05761316872427984
0 0.49444444444444446 0.4053497942386831 0.030555555555555555 0.03292181069958848
0 0.7548611111111111 0.3343621399176955 0.018055555555555554 0.026748971193415638
0 0.41597222222222224 0.46502057613168724 0.02638888888888889 0.03292181069958848
0 0.7875 0.8024691358024691 0.04722222222222222 0.06172839506172839
0 0.8930555555555556 0.7962962962962963 0.044444444444444446 0.053497942386831275
0 0.3958333333333333 0.8569958847736625 0.03888888888888889 0.043209876543209874
0 0.29583333333333334 0.4279835390946502 0.030555555555555555 0.03292181069958848
0 0.8465277777777778 0.698559670781893 0.0375 0.047325102880658436
0 0.775 0.588477366255144 0.030555555555555555 0.037037037037037035
0 0.8493055555555555 0.38477366255144035 0.020833333333333332 0.024691358024691357
0 0.7152777777777778 0.6574074074074074 0.041666666666666664 0.051440329218107
0 0.34930555555555554 0.6893004115226338 0.0375 0.037037037037037035
0 0.6784722222222223 0.6275720164609053 0.034722222222222224 0.04526748971193416
0 0.4597222222222222 0.6975308641975309 0.030555555555555555 0.04526748971193416
0 0.49166666666666664 0.4547325102880658 0.027777777777777776 0.037037037037037035
0 0.3923611111111111 0.5699588477366255 0.03194444444444444 0.037037037037037035
0 0.38958333333333334 0.698559670781893 0.0375 0.043209876543209874
0 0.49236111111111114 0.6213991769547325 0.03194444444444444 0.0411522633744856
0 0.5930555555555556 0.5987654320987654 0.03611111111111111 0.0411522633744856
0 0.8076388888888889 0.7191358024691358 0.05138888888888889 0.059670781893004114
0 0.6263888888888889 0.8127572016460906 0.03888888888888889 0.04938271604938271
0 0.9430555555555555 0.6676954732510288 0.044444444444444446 0.047325102880658436
0 0.34930555555555554 0.5967078189300411 0.029166666666666667 0.037037037037037035
0 0.3541666666666667 0.7129629629629629 0.030555555555555555 0.03909465020576132
0 0.3770833333333333 0.6286008230452675 0.04027777777777778 0.047325102880658436
0 0.3111111111111111 0.6059670781893004 0.030555555555555555 0.03909465020576132
0 0.8347222222222223 0.5174897119341564 0.03333333333333333 0.03497942386831276
0 0.65625 0.8106995884773662 0.0375 0.04938271604938271
0 0.15694444444444444 0.5401234567901234 0.03611111111111111 0.03909465020576132
0 0.48541666666666666 0.49588477366255146 0.029166666666666667 0.037037037037037035
0 0.9805555555555555 0.698559670781893 0.027777777777777776 0.051440329218107
0 0.8430555555555556 0.42901234567901236 0.03611111111111111 0.03497942386831276
0 0.3402777777777778 0.6656378600823045 0.03888888888888889 0.05555555555555555
0 0.23680555555555555 0.5967078189300411 0.029166666666666667 0.037037037037037035
0 0.4486111111111111 0.4567901234567901 0.03333333333333333 0.03292181069958848
0 0.48680555555555555 0.6954732510288066 0.029166666666666667 0.04526748971193416
0 0.5527777777777778 0.5288065843621399 0.03888888888888889 0.0411522633744856
0 0.34444444444444444 0.4773662551440329 0.03333333333333333 0.037037037037037035
0 0.9631944444444445 0.5030864197530864 0.04027777777777778 0.043209876543209874
0 0.4826388888888889 0.8199588477366255 0.034722222222222224 0.047325102880658436
0 0.5680555555555555 0.7263374485596708 0.03888888888888889 0.04526748971193416
0 0.6902777777777778 0.44650205761316875 0.027777777777777776 0.03292181069958848
0 0.3951388888888889 0.5318930041152263 0.034722222222222224 0.03909465020576132
0 0.8652777777777778 0.6738683127572016 0.03888888888888889 0.047325102880658436
0 0.43819444444444444 0.3765432098765432 0.029166666666666667 0.02880658436213992
0 0.43680555555555556 0.5504115226337448 0.0375 0.047325102880658436
0 0.6965277777777777 0.39094650205761317 0.03194444444444444 0.03292181069958848
0 0.66875 0.5679012345679012 0.03194444444444444 0.0411522633744856
0 0.22013888888888888 0.5936213991769548 0.029166666666666667 0.043209876543209874
0 0.7409722222222223 0.7170781893004116 0.0375 0.047325102880658436
0 0.24791666666666667 0.573045267489712 0.03194444444444444 0.026748971193415638
0 0.47152777777777777 0.76440329218107 0.034722222222222224 0.03909465020576132
0 0.5180555555555556 0.6358024691358025 0.030555555555555555 0.037037037037037035
0 0.08333333333333333 0.8539094650205762 0.03611111111111111 0.0411522633744856
0 0.4583333333333333 0.49074074074074076 0.03333333333333333 0.03497942386831276
0 0.44305555555555554 0.6131687242798354 0.03611111111111111 0.04938271604938271
0 0.4027777777777778 0.7510288065843621 0.041666666666666664 0.06172839506172839
0 0.6173611111111111 0.5771604938271605 0.04027777777777778 0.047325102880658436
0 0.2111111111111111 0.4382716049382716 0.027777777777777776 0.02880658436213992
0 0.38055555555555554 0.45781893004115226 0.030555555555555555 0.030864197530864196
0 0.2375 0.7993827160493827 0.027777777777777776 0.03909465020576132
0 0.7534722222222222 0.6574074074074074 0.043055555555555555 0.047325102880658436
0 0.9090277777777778 0.48559670781893005 0.0375 0.0411522633744856
0 0.68125 0.5246913580246914 0.04027777777777778 0.04526748971193416
0 0.7055555555555556 0.4783950617283951 0.03611111111111111 0.03909465020576132
0 0.7729166666666667 0.5524691358024691 0.0375 0.03909465020576132
0 0.74375 0.3888888888888889 0.02638888888888889 0.02880658436213992
0 0.4305555555555556 0.852880658436214 0.041666666666666664 0.047325102880658436
0 0.9020833333333333 0.6388888888888888 0.04027777777777778 0.051440329218107
0 0.7520833333333333 0.5925925925925926 0.02638888888888889 0.037037037037037035