0 0.8375 0.8076131687242798 0.06111111111111111 0.0720164609053498
0 0.12916666666666668 0.8405349794238683 0.03333333333333333 0.03909465020576132
0 0.5701388888888889 0.7705761316872428 0.029166666666666667 0.047325102880658436
0 0.30069444444444443 0.7860082304526749 0.029166666666666667 0.037037037037037035
0 0.7916666666666666 0.6584362139917695 0.03333333333333333 0.037037037037037035
0 0.3020833333333333 0.7479423868312757 0.034722222222222224 0.043209876543209874
0 0.5854166666666667 0.7345679012345679 0.03194444444444444 0.0411522633744856
0 0.9298611111111111 0.6851851851851852 0.034722222222222224 0.037037037037037035
0 0.7777777777777778 0.7098765432098766 0.03888888888888889 0.04938271604938271
0 0.26458333333333334 0.8467078189300411 0.0375 0.047325102880658436
0 0.7534722222222222 0.7932098765432098 0.03194444444444444 0.03909465020576132
0 0.7090277777777778 0.7541152263374485 0.029166666666666667 0.043209876543209874
0 0.5888888888888889 0.5833333333333334 0.03611111111111111 0.03909465020576132
0 0.24166666666666667 0.684156378600823 0.027777777777777776 0.03497942386831276
0 0.45 0.7006172839506173 0.03611111111111111 0.03909465020576132
0 0.5263888888888889 0.8415637860082305 0.03333333333333333 0.04526748971193416
0 0.5326388888888889 0.7736625514403292 0.04027777777777778 0.04938271604938271
0 0.7208333333333333 0.8508230452674898 0.04722222222222222 0.05555555555555555
0 0.8520833333333333 0.5802469135802469 0.03194444444444444 0.037037037037037035
0 0.6076388888888888 0.7294238683127572 0.034722222222222224 0.043209876543209874
0 0.725 0.6635802469135802 0.03611111111111111 0.03497942386831276
0 0.6263888888888889 0.8559670781893004 0.03333333333333333 0.04526748971193416
0 0.6583333333333333 0.8189300411522634 0.044444444444444446 0.05761316872427984
0 0.3923611111111111 0.7458847736625515 0.03194444444444444 0.047325102880658436
0 0.5465277777777777 0.8117283950617284 0.0375 0.051440329218107
0 0.63125 0.5781893004115226 0.034722222222222224 0.037037037037037035
0 0.8770833333333333 0.6347736625514403 0.034722222222222224 0.03909465020576132
0 0.5833333333333334 0.8415637860082305 0.044444444444444446 0.05761316872427984
0 0.7875 0.7283950617283951 0.030555555555555555 0.0411522633744856
0 0.9680555555555556 0.6574074074074074 0.03888888888888889 0.047325102880658436
0 0.5895833333333333 0.7849794238683128 0.03194444444444444 0.043209876543209874
0 0.7458333333333333 0.8292181069958847 0.03888888888888889 0.04526748971193416
0 0.9340277777777778 0.7746913580246914 0.043055555555555555 0.047325102880658436
0 0.9361111111111111 0.8343621399176955 0.05555555555555555 0.06790123456790123
0 0.47638888888888886 0.76440329218107 0.03611111111111111 0.047325102880658436
0 0.16875 0.8405349794238683 0.0375 0.043209876543209874
0 0.6444444444444445 0.7458847736625515 0.03611111111111111 0.047325102880658436
0 0.8659722222222223 0.7674897119341564 0.043055555555555555 0.04938271604938271
0 0.4201388888888889 0.757201646090535 0.034722222222222224 0.0411522633744856
0 0.6763888888888889 0.76440329218107 0.03611111111111111 0.047325102880658436
0 0.3333333333333333 0.8137860082304527 0.03611111111111111 0.051440329218107
0 0.5027777777777778 0.8590534979423868 0.041666666666666664 0.03909465020576132
0 0.8229166666666666 0.7006172839506173 0.0375 0.047325102880658436
0 0.8451388888888889 0.6738683127572016 0.04027777777777778 0.043209876543209874
0 0.6854166666666667 0.6995884773662552 0.03194444444444444 0.037037037037037035
0 0.21805555555555556 0.8189300411522634 0.03888888888888889 0.053497942386831275
0 0.3590277777777778 0.7438271604938271 0.03194444444444444 0.043209876543209874
0 0.7791666666666667 0.7736625514403292 0.041666666666666664 0.053497942386831275
0 0.5736111111111111 0.6666666666666666 0.03611111111111111 0.0411522633744856
0 0.40555555555555556 0.808641975308642 0.044444444444444446 0.05761316872427984
0 0.7347222222222223 0.7026748971193416 0.041666666666666664 0.03909465020576132
0 0.4513888888888889 0.7746913580246914 0.027777777777777776 0.03909465020576132
0 0.6930555555555555 0.8127572016460906 0.030555555555555555 0.04526748971193416
0 0.8159722222222222 0.845679012345679 0.043055555555555555 0.06172839506172839
0 0.8916666666666667 0.5627572016460906 0.03333333333333333 0.03909465020576132
0 0.7777777777777778 0.8333333333333334 0.030555555555555555 0.04526748971193416