0 0.5840277777777778 0.801440329218107 0.04861111111111111 0.05555555555555555
0 0.8173611111111111 0.5308641975308642 0.03194444444444444 0.037037037037037035
0 0.9763888888888889 0.7376543209876543 0.030555555555555555 0.051440329218107
0 0.8611111111111112 0.5442386831275721 0.041666666666666664 0.047325102880658436
0 0.21666666666666667 0.6255144032921811 0.03333333333333333 0.037037037037037035
0 0.8180555555555555 0.7438271604938271 0.04722222222222222 0.05555555555555555
0 0.35625 0.5318930041152263 0.03194444444444444 0.03497942386831276
0 0.5833333333333334 0.5360082304526749 0.027777777777777776 0.03909465020576132
0 0.9541666666666667 0.4763374485596708 0.03333333333333333 0.043209876543209874
0 0.6125 0.8539094650205762 0.05277777777777778 0.04526748971193416
0 0.7493055555555556 0.5699588477366255 0.034722222222222224 0.0411522633744856
0 0.9034722222222222 0.4403292181069959 0.034722222222222224 0.02880658436213992
0 0.9381944444444444 0.7386831275720165 0.05138888888888889 0.06172839506172839
0 0.6875 0.5504115226337448 0.03333333333333333 0.043209876543209874
0 0.32916666666666666 0.6532921810699589 0.03888888888888889 0.051440329218107
0 0.8534722222222222 0.4835390946502058 0.034722222222222224 0.0411522633744856
0 0.6645833333333333 0.4588477366255144 0.03194444444444444 0.037037037037037035
0 0.7194444444444444 0.5123456790123457 0.030555555555555555 0.037037037037037035
0 0.6916666666666667 0.4403292181069959 0.027777777777777776 0.037037037037037035
0 0.71875 0.6718106995884774 0.0375 0.047325102880658436
0 0.6194444444444445 0.5565843621399177 0.03333333333333333 0.03909465020576132
0 0.9104166666666667 0.76440329218107 0.05416666666666667 0.06378600823045268
0 0.46805555555555556 0.5020576131687243 0.03333333333333333 0.0411522633744856
0 0.2847222222222222 0.7129629629629629 0.03888888888888889 0.05555555555555555
0 0.6645833333333333 0.5720164609053497 0.0375 0.0411522633744856
0 0.6277777777777778 0.43004115226337447 0.030555555555555555 0.03292181069958848
0 0.6541666666666667 0.5277777777777778 0.030555555555555555 0.03909465020576132
0 0.5020833333333333 0.48559670781893005 0.03194444444444444 0.037037037037037035
0 0.8111111111111111 0.4722222222222222 0.03611111111111111 0.03909465020576132
0 0.6944444444444444 0.7592592592592593 0.058333333333333334 0.06584362139917696
0 0.7569444444444444 0.6080246913580247 0.03611111111111111 0.03909465020576132
0 0.6583333333333333 0.4104938271604938 0.03611111111111111 0.03497942386831276
0 0.81875 0.6306584362139918 0.043055555555555555 0.051440329218107
0 0.6138888888888889 0.5164609053497943 0.03611111111111111 0.037037037037037035
0 0.7048611111111112 0.5792181069958847 0.029166666666666667 0.03909465020576132
0 0.6048611111111111 0.4825102880658436 0.029166666666666667 0.03497942386831276
0 0.27708333333333335 0.8508230452674898 0.0375 0.05555555555555555
0 0.1375 0.8076131687242798 0.041666666666666664 0.051440329218107
0 0.7347222222222223 0.8076131687242798 0.05 0.059670781893004114
0 0.5673611111111111 0.4567901234567901 0.03194444444444444 0.037037037037037035
0 0.6277777777777778 0.6111111111111112 0.03888888888888889 0.0411522633744856
0 0.35833333333333334 0.7170781893004116 0.044444444444444446 0.051440329218107
0 0.5666666666666667 0.6800411522633745 0.03888888888888889 0.051440329218107
0 0.9548611111111112 0.8240740740740741 0.05138888888888889 0.06378600823045268
0 0.4444444444444444 0.5874485596707819 0.044444444444444446 0.047325102880658436
0 0.3298611111111111 0.5709876543209876 0.03194444444444444 0.043209876543209874
0 0.37083333333333335 0.6532921810699589 0.03611111111111111 0.043209876543209874
0 0.42777777777777776 0.4711934156378601 0.03611111111111111 0.0411522633744856
0 0.8409722222222222 0.7047325102880658 0.05416666666666667 0.06378600823045268
0 0.5041666666666667 0.4331275720164609 0.030555555555555555 0.03497942386831276
0 0.5520833333333334 0.5432098765432098 0.03194444444444444 0.0411522633744856
0 0.35347222222222224 0.49074074074074076 0.034722222222222224 0.047325102880658436
0 0.20208333333333334 0.7664609053497943 0.043055555555555555 0.05555555555555555
0 0.8645833333333334 0.8004115226337448 0.0375 0.06172839506172839
0 0.9722222222222222 0.6080246913580247 0.03888888888888889 0.047325102880658436
0 0.5597222222222222 0.8590534979423868 0.041666666666666664 0.03909465020576132
0 0.5798611111111112 0.7489711934156379 0.05138888888888889 0.05761316872427984
0 0.9638888888888889 0.5576131687242798 0.041666666666666664 0.04526748971193416
0 0.7715277777777778 0.4609053497942387 0.029166666666666667 0.03292181069958848
0 0.7465277777777778 0.411522633744856 0.029166666666666667 0.03292181069958848
0 0.48819444444444443 0.8148148148148148 0.04861111111111111 0.06172839506172839
0 0.41041666666666665 0.5154320987654321 0.03194444444444444 0.03497942386831276
0 0.8340277777777778 0.7993827160493827 0.0375 0.05555555555555555
0 0.7833333333333333 0.5020576131687243 0.030555555555555555 0.02880658436213992
0 0.2673611111111111 0.6347736625514403 0.034722222222222224 0.047325102880658436
0 0.5444444444444444 0.48662551440329216 0.03333333333333333 0.03909465020576132
0 0.29305555555555557 0.5977366255144033 0.03333333333333333 0.03497942386831276
0 0.2298611111111111 0.6810699588477366 0.034722222222222224 0.04938271604938271
0 0.3138888888888889 0.7294238683127572 0.03611111111111111 0.05555555555555555
0 0.24861111111111112 0.6172839506172839 0.030555555555555555 0.0411522633744856
0 0.5229166666666667 0.6975308641975309 0.04027777777777778 0.04938271604938271
0 0.7909722222222222 0.6080246913580247 0.0375 0.05555555555555555
0 0.41597222222222224 0.7870370370370371 0.0375 0.051440329218107
0 0.9319444444444445 0.5020576131687243 0.04722222222222222 0.053497942386831275
0 0.6965277777777777 0.6080246913580247 0.04861111111111111 0.03909465020576132
0 0.6111111111111112 0.661522633744856 0.05 0.051440329218107
0 0.5458333333333333 0.8117283950617284 0.03888888888888889 0.051440329218107
0 0.36041666666666666 0.6059670781893004 0.0375 0.03909465020576132
0 0.7201388888888889 0.48559670781893005 0.029166666666666667 0.037037037037037035
0 0.8555555555555555 0.5967078189300411 0.03611111111111111 0.04526748971193416
0 0.8923611111111112 0.5751028806584362 0.04027777777777778 0.047325102880658436
0 0.2326388888888889 0.8487654320987654 0.043055555555555555 0.05555555555555555
0 0.7479166666666667 0.4619341563786008 0.02638888888888889 0.030864197530864196
0 0.15763888888888888 0.76440329218107 0.04027777777777778 0.051440329218107
0 0.7833333333333333 0.5483539094650206 0.03888888888888889 0.047325102880658436
0 0.59375 0.4567901234567901 0.03194444444444444 0.0411522633744856
0 0.8979166666666667 0.6923868312757202 0.05694444444444444 0.05555555555555555
0 0.48333333333333334 0.76440329218107 0.05 0.059670781893004114
0 0.8097222222222222 0.4279835390946502 0.027777777777777776 0.03292181069958848
0 0.29791666666666666 0.7757201646090535 0.04583333333333333 0.04938271604938271
0 0.8694444444444445 0.6378600823045267 0.05 0.04938271604938271
0 0.7625 0.7006172839506173 0.04722222222222222 0.05555555555555555
0 0.8506944444444444 0.4074074074074074 0.0375 0.037037037037037035